3 0 1 No 0.544258
3 0 2 No 0.554769
3 0 3 No 0.565931
3 0 4 No 0.577772
3 0 5 No 0.590338
3 0 6 No 0.603655
3 0 7 No 0.617832
3 0 8 No 0.632904
3 0 9 No 0.64882
3 0 10 No 0.665735
3 0 11 No 0.683555
3 0 12 No 0.702897
3 0 13 No 0.723333
3 0 14 No 0.744318
3 0 15 No 0.767224
3 0 16 No 0.790472
3 0 17 Yes 0.818949
3 0 18 Yes 0.845949
3 0 19 Yes 0.870233
3 0 20 Yes 0.904661
3 0 21 Yes 0.929955
3 0 22 Yes 0.948538
3 0 23 Yes 0.962191
3 0 24 Yes 0.972222
3 1 1 No 0.567265
3 1 2 No 0.577958
3 1 3 No 0.589302
3 1 4 No 0.601347
3 1 5 No 0.614124
3 1 6 No 0.627692
3 1 7 No 0.642114
3 1 8 No 0.657366
3 1 9 No 0.673618
3 1 10 No 0.690789
3 1 11 No 0.709098
3 1 12 No 0.728648
3 1 13 No 0.748874
3 1 14 No 0.77113
3 1 15 No 0.793819
3 1 16 Yes 0.818949
3 1 17 Yes 0.845949
3 1 18 Yes 0.870233
3 1 19 Yes 0.904661
3 1 20 Yes 0.929955
3 1 21 Yes 0.948538
3 1 22 Yes 0.962191
3 1 23 Yes 0.972222
3 2 1 No 0.590513
3 2 2 No 0.601338
3 2 3 No 0.612839
3 2 4 No 0.625054
3 2 5 No 0.637985
3 2 6 No 0.65173
3 2 7 No 0.666287
3 2 8 No 0.681847
3 2 9 No 0.698342
3 2 10 No 0.715572
3 2 11 No 0.734197
3 2 12 No 0.753631
3 2 13 No 0.775206
3 2 14 No 0.797313
3 2 15 Yes 0.818949
3 2 16 Yes 0.845949
3 2 17 Yes 0.870233
3 2 18 Yes 0.904661
3 2 19 Yes 0.929955
3 2 20 Yes 0.948538
3 2 21 Yes 0.962191
3 2 22 Yes 0.972222
3 3 1 No 0.614417
3 3 2 No 0.625377
3 3 3 No 0.637024
3 3 4 No 0.649368
3 3 5 No 0.662449
3 3 6 No 0.6763
3 3 7 No 0.691136
3 3 8 No 0.70691
3 3 9 No 0.723431
3 3 10 No 0.740933
3 3 11 No 0.759405
3 3 12 No 0.780156
3 3 13 No 0.801555
3 3 14 No 0.822553
3 3 15 Yes 0.845949
3 3 16 Yes 0.870233
3 3 17 Yes 0.904661
3 3 18 Yes 0.929955
3 3 19 Yes 0.948538
3 3 20 Yes 0.962191
3 3 21 Yes 0.972222
3 4 1 No 0.638413
3 4 2 No 0.649471
3 4 3 No 0.661206
3 4 4 No 0.673597
3 4 5 No 0.686714
3 4 6 No 0.700799
3 4 7 No 0.715823
3 4 8 No 0.731611
3 4 9 No 0.747945
3 4 10 No 0.765415
3 4 11 No 0.785307
3 4 12 No 0.805971
3 4 13 No 0.826338
3 4 14 Yes 0.845949
3 4 15 Yes 0.870233
3 4 16 Yes 0.904661
3 4 17 Yes 0.929955
3 4 18 Yes 0.948538
3 4 19 Yes 0.962191
3 4 20 Yes 0.972222
3 5 1 No 0.662983
3 5 2 No 0.674104
3 5 3 No 0.685857
3 5 4 No 0.698254
3 5 5 No 0.711575
3 5 6 No 0.725818
3 5 7 No 0.740828
3 5 8 No 0.756373
3 5 9 No 0.772639
3 5 10 No 0.791499
3 5 11 No 0.811279
3 5 12 No 0.830887
3 5 13 No 0.849645
3 5 14 Yes 0.870233
3 5 15 Yes 0.904661
3 5 16 Yes 0.929955
3 5 17 Yes 0.948538
3 5 18 Yes 0.962191
3 5 19 Yes 0.972222
3 6 1 No 0.687616
3 6 2 No 0.698714
3 6 3 No 0.710378
3 6 4 No 0.722912
3 6 5 No 0.736346
3 6 6 No 0.750547
3 6 7 No 0.765299
3 6 8 No 0.78036
3 6 9 No 0.798117
3 6 10 No 0.816951
3 6 11 No 0.83575
3 6 12 No 0.853813
3 6 13 No 0.870728
3 6 14 Yes 0.904661
3 6 15 Yes 0.929955
3 6 16 Yes 0.948538
3 6 17 Yes 0.962191
3 6 18 Yes 0.972222
3 7 1 No 0.71263
3 7 2 No 0.723612
3 7 3 No 0.735376
3 7 4 No 0.747989
3 7 5 No 0.761349
3 7 6 No 0.775264
3 7 7 No 0.789506
3 7 8 No 0.805957
3 7 9 No 0.823671
3 7 10 No 0.841509
3 7 11 No 0.858749
3 7 12 No 0.87496
3 7 13 Yes 0.904661
3 7 14 Yes 0.929955
3 7 15 Yes 0.948538
3 7 16 Yes 0.962191
3 7 17 Yes 0.972222
3 8 1 No 0.737253
3 8 2 No 0.748222
3 8 3 No 0.75999
3 8 4 No 0.772483
3 8 5 No 0.785534
3 8 6 No 0.798932
3 8 7 No 0.814036
3 8 8 No 0.830596
3 8 9 No 0.847445
3 8 10 No 0.863837
3 8 11 No 0.879321
3 8 12 Yes 0.904661
3 8 13 Yes 0.929955
3 8 14 Yes 0.948538
3 8 15 Yes 0.962191
3 8 16 Yes 0.972222
3 9 1 No 0.761371
3 9 2 No 0.772273
3 9 3 No 0.78388
3 9 4 No 0.796046
3 9 5 No 0.80858
3 9 6 No 0.822306
3 9 7 No 0.837685
3 9 8 No 0.853521
3 9 9 No 0.869045
3 9 10 No 0.883785
3 9 11 Yes 0.904661
3 9 12 Yes 0.929955
3 9 13 Yes 0.948538
3 9 14 Yes 0.962191
3 9 15 Yes 0.972222
3 10 1 No 0.78498
3 10 2 No 0.795669
3 10 3 No 0.806921
3 10 4 No 0.818561
3 10 5 No 0.830861
3 10 6 No 0.845018
3 10 7 No 0.859806
3 10 8 No 0.874433
3 10 9 No 0.888403
3 10 10 Yes 0.904661
3 10 11 Yes 0.929955
3 10 12 Yes 0.948538
3 10 13 Yes 0.962191
3 10 14 Yes 0.972222
3 11 1 No 0.808684
3 11 2 No 0.818992
3 11 3 No 0.829691
3 11 4 No 0.841028
3 11 5 No 0.853732
3 11 6 No 0.867276
3 11 7 No 0.880835
3 11 8 No 0.89389
3 11 9 No 0.909049
3 11 10 Yes 0.929955
3 11 11 Yes 0.948538
3 11 12 Yes 0.962191
3 11 13 Yes 0.972222
3 12 1 No 0.83135
3 12 2 No 0.841091
3 12 3 No 0.851491
3 12 4 No 0.8627
3 12 5 No 0.874963
3 12 6 No 0.887424
3 12 7 No 0.899538
3 12 8 No 0.91389
3 12 9 Yes 0.929955
3 12 10 Yes 0.948538
3 12 11 Yes 0.962191
3 12 12 Yes 0.972222
3 13 1 No 0.852609
3 13 2 No 0.862067
3 13 3 No 0.871831
3 13 4 No 0.88279
3 13 5 No 0.894133
3 13 6 No 0.905288
3 13 7 No 0.918819
3 13 8 No 0.930416
3 13 9 Yes 0.948538
3 13 10 Yes 0.962191
3 13 11 Yes 0.972222
3 14 1 No 0.873335
3 14 2 No 0.882173
3 14 3 No 0.891654
3 14 4 No 0.90173
3 14 5 No 0.911801
3 14 6 No 0.924401
3 14 7 No 0.935201
3 14 8 Yes 0.948538
3 14 9 Yes 0.962191
3 14 10 Yes 0.972222
3 15 1 No 0.893313
3 15 2 No 0.901254
3 15 3 No 0.90996
3 15 4 No 0.918854
3 15 5 No 0.930447
3 15 6 No 0.940383
3 15 7 No 0.948899
3 15 8 Yes 0.962191
3 15 9 Yes 0.972222
3 16 1 No 0.912311
3 16 2 No 0.919437
3 16 3 No 0.926978
3 16 4 No 0.937409
3 16 5 No 0.946351
3 16 6 No 0.954015
3 16 7 Yes 0.962191
3 16 8 Yes 0.972222
3 17 1 No 0.929403
3 17 2 No 0.93552
3 17 3 No 0.944731
3 17 4 No 0.952627
3 17 5 No 0.959394
3 17 6 No 0.965195
3 17 7 Yes 0.972222
3 18 1 No 0.944506
3 18 2 No 0.952434
3 18 3 No 0.959229
3 18 4 No 0.965053
3 18 5 No 0.970046
3 18 6 No 0.974325
3 19 1 No 0.959932
3 19 2 No 0.965656
3 19 3 No 0.970562
3 19 4 No 0.974767
3 19 5 No 0.978372
3 20 1 No 0.974767
3 20 2 No 0.978372
3 20 3 No 0.981462
3 20 4 No 0.98411
3 21 1 No 0.98411
3 21 2 No 0.98638
3 21 3 No 0.988326
3 22 1 No 0.989994
3 22 2 No 0.991423
3 23 1 No 0.993699
2 0 1 No 0.383207
2 0 2 No 0.393956
2 0 3 No 0.405364
2 0 4 No 0.417458
2 0 5 No 0.430298
2 0 6 No 0.443948
2 0 7 No 0.458449
2 0 8 No 0.473813
2 0 9 No 0.490018
2 0 10 No 0.507342
2 0 11 No 0.525848
2 0 12 No 0.545455
2 0 13 No 0.565994
2 0 14 No 0.587249
2 0 15 No 0.611288
2 0 16 No 0.636882
2 0 17 No 0.663096
2 0 18 No 0.689232
2 0 19 No 0.714775
2 0 20 No 0.755522
2 0 21 No 0.790447
2 0 22 No 0.820383
2 0 23 No 0.846043
2 0 24 No 0.868037
2 1 1 No 0.403743
2 1 2 No 0.414967
2 1 3 No 0.426865
2 1 4 No 0.439498
2 1 5 No 0.452927
2 1 6 No 0.467194
2 1 7 No 0.48231
2 1 8 No 0.498253
2 1 9 No 0.515298
2 1 10 No 0.533504
2 1 11 No 0.552795
2 1 12 No 0.573003
2 1 13 No 0.593914
2 1 14 No 0.617565
2 1 15 No 0.642746
2 1 16 No 0.668537
2 1 17 No 0.69425
2 1 18 No 0.719381
2 1 19 No 0.759469
2 1 20 No 0.793831
2 1 21 No 0.823284
2 1 22 No 0.848529
2 1 23 No 0.870168
2 2 1 No 0.425162
2 2 2 No 0.436853
2 2 3 No 0.449266
2 2 4 No 0.462461
2 2 5 No 0.476479
2 2 6 No 0.491331
2 2 7 No 0.506997
2 2 8 No 0.523745
2 2 9 No 0.541634
2 2 10 No 0.560588
2 2 11 No 0.580444
2 2 12 No 0.600991
2 2 13 No 0.624229
2 2 14 No 0.648971
2 2 15 No 0.674313
2 2 16 No 0.699578
2 2 17 No 0.724271
2 2 18 No 0.763661
2 2 19 No 0.797424
2 2 20 No 0.826363
2 2 21 No 0.851169
2 2 22 No 0.87243
2 3 1 No 0.447453
2 3 2 No 0.459633
2 3 3 No 0.47258
2 3 4 No 0.486334
2 3 5 No 0.500907
2 3 6 No 0.516277
2 3 7 No 0.532709
2 3 8 No 0.550262
2 3 9 No 0.56886
2 3 10 No 0.588342
2 3 11 No 0.608502
2 3 12 No 0.631303
2 3 13 No 0.655579
2 3 14 No 0.680444
2 3 15 No 0.705233
2 3 16 No 0.729462
2 3 17 No 0.76811
2 3 18 No 0.801237
2 3 19 No 0.829632
2 3 20 No 0.85397
2 3 21 No 0.874832
2 4 1 No 0.470622
2 4 2 No 0.483306
2 4 3 No 0.496781
2 4 4 No 0.511057
2 4 5 No 0.526115
2 4 6 No 0.542213
2 4 7 No 0.559409
2 4 8 No 0.577628
2 4 9 No 0.596714
2 4 10 No 0.616464
2 4 11 No 0.638801
2 4 12 No 0.662584
2 4 13 No 0.686943
2 4 14 No 0.711228
2 4 15 No 0.734964
2 4 16 No 0.772826
2 4 17 No 0.805279
2 4 18 No 0.833097
2 4 19 No 0.85694
2 4 20 No 0.877377
2 5 1 No 0.494695
2 5 2 No 0.507873
2 5 3 No 0.521834
2 5 4 No 0.536561
2 5 5 No 0.552304
2 5 6 No 0.569121
2 5 7 No 0.586938
2 5 8 No 0.605603
2 5 9 No 0.624918
2 5 10 No 0.646763
2 5 11 No 0.670021
2 5 12 No 0.693843
2 5 13 No 0.717593
2 5 14 No 0.740806
2 5 15 No 0.777833
2 5 16 No 0.809572
2 5 17 No 0.836776
2 5 18 No 0.860093
2 5 19 No 0.88008
2 6 1 No 0.519664
2 6 2 No 0.533291
2 6 3 No 0.547664
2 6 4 No 0.56303
2 6 5 No 0.579444
2 6 6 No 0.596835
2 6 7 No 0.615053
2 6 8 No 0.633905
2 6 9 No 0.655226
2 6 10 No 0.677927
2 6 11 No 0.701179
2 6 12 No 0.72436
2 6 13 No 0.747016
2 6 14 No 0.783156
2 6 15 No 0.814134
2 6 16 No 0.840686
2 6 17 No 0.863445
2 6 18 No 0.882953
2 7 1 No 0.545462
2 7 2 No 0.559461
2 7 3 No 0.574426
2 7 4 No 0.590412
2 7 5 No 0.607349
2 7 6 No 0.625092
2 7 7 No 0.643452
2 7 8 No 0.664217
2 7 9 No 0.686327
2 7 10 No 0.708971
2 7 11 No 0.731548
2 7 12 No 0.753613
2 7 13 No 0.788811
2 7 14 No 0.818981
2 7 15 No 0.844841
2 7 16 No 0.867007
2 7 17 No 0.886006
2 8 1 No 0.571959
2 8 2 No 0.586499
2 8 3 No 0.602032
2 8 4 No 0.618488
2 8 5 No 0.635728
2 8 6 No 0.653567
2 8 7 No 0.673743
2 8 8 No 0.695225
2 8 9 No 0.717228
2 8 10 No 0.739164
2 8 11 No 0.760603
2 8 12 No 0.794803
2 8 13 No 0.824117
2 8 14 No 0.849243
2 8 15 No 0.87078
2 8 16 No 0.88924
2 9 1 No 0.599234
2 9 2 No 0.614288
2 9 3 No 0.630238
2 9 4 No 0.646946
2 9 5 No 0.664236
2 9 6 No 0.683791
2 9 7 No 0.704612
2 9 8 No 0.725936
2 9 9 No 0.747197
2 9 10 No 0.767976
2 9 11 No 0.801122
2 9 12 No 0.829533
2 9 13 No 0.853886
2 9 14 No 0.874759
2 9 15 No 0.892651
2 10 1 No 0.627391
2 10 2 No 0.642799
2 10 3 No 0.65894
2 10 4 No 0.675642
2 10 5 No 0.694533
2 10 6 No 0.714646
2 10 7 No 0.735246
2 10 8 No 0.755785
2 10 9 No 0.775858
2 10 10 No 0.807878
2 10 11 No 0.835324
2 10 12 No 0.858849
2 10 13 No 0.879014
2 10 14 No 0.896297
2 11 1 No 0.656216
2 11 2 No 0.671751
2 11 3 No 0.687826
2 11 4 No 0.706007
2 11 5 No 0.725365
2 11 6 No 0.745191
2 11 7 No 0.764958
2 11 8 No 0.784277
2 11 9 No 0.815095
2 11 10 No 0.84151
2 11 11 No 0.864151
2 11 12 No 0.883558
2 11 13 No 0.900193
2 12 1 No 0.685324
2 12 2 No 0.700735
2 12 3 No 0.718164
2 12 4 No 0.736721
2 12 5 No 0.755728
2 12 6 No 0.774677
2 12 7 No 0.793198
2 12 8 No 0.822741
2 12 9 No 0.848064
2 12 10 No 0.869769
2 12 11 No 0.888373
2 12 12 No 0.90432
2 13 1 No 0.714258
2 13 2 No 0.7309
2 13 3 No 0.748618
2 13 4 No 0.766766
2 13 5 No 0.784859
2 13 6 No 0.802543
2 13 7 No 0.830751
2 13 8 No 0.854929
2 13 9 No 0.875654
2 13 10 No 0.893417
2 13 11 No 0.908643
2 14 1 No 0.744078
2 14 2 No 0.760929
2 14 3 No 0.778188
2 14 4 No 0.795395
2 14 5 No 0.812213
2 14 6 No 0.839039
2 14 7 No 0.862034
2 14 8 No 0.881743
2 14 9 No 0.898637
2 14 10 No 0.913117
2 15 1 No 0.774853
2 15 2 No 0.791107
2 15 3 No 0.807311
2 15 4 No 0.823149
2 15 5 No 0.848414
2 15 6 No 0.870069
2 15 7 No 0.888631
2 15 8 No 0.904541
2 15 9 No 0.918178
2 16 1 No 0.804861
2 16 2 No 0.819999
2 16 3 No 0.834794
2 16 4 No 0.858395
2 16 5 No 0.878624
2 16 6 No 0.895964
2 16 7 No 0.910826
2 16 8 No 0.923565
2 17 1 No 0.832994
2 17 2 No 0.846721
2 17 3 No 0.868618
2 17 4 No 0.887387
2 17 5 No 0.903474
2 17 6 No 0.917264
2 17 7 No 0.929083
2 18 1 No 0.858611
2 18 2 No 0.87881
2 18 3 No 0.896123
2 18 4 No 0.910962
2 18 5 No 0.923682
2 18 6 No 0.934584
2 19 1 No 0.888771
2 19 2 No 0.904661
2 19 3 No 0.918281
2 19 4 No 0.929955
2 19 5 No 0.939961
2 20 1 No 0.918281
2 20 2 No 0.929955
2 20 3 No 0.939961
2 20 4 No 0.948538
2 21 1 No 0.939961
2 21 2 No 0.948538
2 21 3 No 0.95589
2 22 1 No 0.95589
2 22 2 No 0.962191
2 23 1 No 0.967593
1 0 1 No 0.221005
1 0 2 No 0.234581
1 0 3 No 0.248989
1 0 4 No 0.264263
1 0 5 No 0.28048
1 0 6 No 0.29772
1 0 7 No 0.316034
1 0 8 No 0.335438
1 0 9 No 0.355905
1 0 10 No 0.377785
1 0 11 No 0.401157
1 0 12 No 0.42592
1 0 13 No 0.451861
1 0 14 No 0.478705
1 0 15 No 0.509065
1 0 16 No 0.54139
1 0 17 No 0.574499
1 0 18 No 0.607507
1 0 19 No 0.639768
1 0 20 No 0.691229
1 0 21 No 0.73534
1 0 22 No 0.773148
1 0 23 No 0.805556
1 0 24 No 0.833333
1 1 1 No 0.234581
1 1 2 No 0.248989
1 1 3 No 0.264263
1 1 4 No 0.28048
1 1 5 No 0.29772
1 1 6 No 0.316034
1 1 7 No 0.335438
1 1 8 No 0.355905
1 1 9 No 0.377785
1 1 10 No 0.401157
1 1 11 No 0.42592
1 1 12 No 0.451861
1 1 13 No 0.478705
1 1 14 No 0.509065
1 1 15 No 0.54139
1 1 16 No 0.574499
1 1 17 No 0.607507
1 1 18 No 0.639768
1 1 19 No 0.691229
1 1 20 No 0.73534
1 1 21 No 0.773148
1 1 22 No 0.805556
1 1 23 No 0.833333
1 2 1 No 0.248989
1 2 2 No 0.264263
1 2 3 No 0.28048
1 2 4 No 0.29772
1 2 5 No 0.316034
1 2 6 No 0.335438
1 2 7 No 0.355905
1 2 8 No 0.377785
1 2 9 No 0.401157
1 2 10 No 0.42592
1 2 11 No 0.451861
1 2 12 No 0.478705
1 2 13 No 0.509065
1 2 14 No 0.54139
1 2 15 No 0.574499
1 2 16 No 0.607507
1 2 17 No 0.639768
1 2 18 No 0.691229
1 2 19 No 0.73534
1 2 20 No 0.773148
1 2 21 No 0.805556
1 2 22 No 0.833333
1 3 1 No 0.264263
1 3 2 No 0.28048
1 3 3 No 0.29772
1 3 4 No 0.316034
1 3 5 No 0.335438
1 3 6 No 0.355905
1 3 7 No 0.377785
1 3 8 No 0.401157
1 3 9 No 0.42592
1 3 10 No 0.451861
1 3 11 No 0.478705
1 3 12 No 0.509065
1 3 13 No 0.54139
1 3 14 No 0.574499
1 3 15 No 0.607507
1 3 16 No 0.639768
1 3 17 No 0.691229
1 3 18 No 0.73534
1 3 19 No 0.773148
1 3 20 No 0.805556
1 3 21 No 0.833333
1 4 1 No 0.28048
1 4 2 No 0.29772
1 4 3 No 0.316034
1 4 4 No 0.335438
1 4 5 No 0.355905
1 4 6 No 0.377785
1 4 7 No 0.401157
1 4 8 No 0.42592
1 4 9 No 0.451861
1 4 10 No 0.478705
1 4 11 No 0.509065
1 4 12 No 0.54139
1 4 13 No 0.574499
1 4 14 No 0.607507
1 4 15 No 0.639768
1 4 16 No 0.691229
1 4 17 No 0.73534
1 4 18 No 0.773148
1 4 19 No 0.805556
1 4 20 No 0.833333
1 5 1 No 0.29772
1 5 2 No 0.316034
1 5 3 No 0.335438
1 5 4 No 0.355905
1 5 5 No 0.377785
1 5 6 No 0.401157
1 5 7 No 0.42592
1 5 8 No 0.451861
1 5 9 No 0.478705
1 5 10 No 0.509065
1 5 11 No 0.54139
1 5 12 No 0.574499
1 5 13 No 0.607507
1 5 14 No 0.639768
1 5 15 No 0.691229
1 5 16 No 0.73534
1 5 17 No 0.773148
1 5 18 No 0.805556
1 5 19 No 0.833333
1 6 1 No 0.316034
1 6 2 No 0.335438
1 6 3 No 0.355905
1 6 4 No 0.377785
1 6 5 No 0.401157
1 6 6 No 0.42592
1 6 7 No 0.451861
1 6 8 No 0.478705
1 6 9 No 0.509065
1 6 10 No 0.54139
1 6 11 No 0.574499
1 6 12 No 0.607507
1 6 13 No 0.639768
1 6 14 No 0.691229
1 6 15 No 0.73534
1 6 16 No 0.773148
1 6 17 No 0.805556
1 6 18 No 0.833333
1 7 1 No 0.335438
1 7 2 No 0.355905
1 7 3 No 0.377785
1 7 4 No 0.401157
1 7 5 No 0.42592
1 7 6 No 0.451861
1 7 7 No 0.478705
1 7 8 No 0.509065
1 7 9 No 0.54139
1 7 10 No 0.574499
1 7 11 No 0.607507
1 7 12 No 0.639768
1 7 13 No 0.691229
1 7 14 No 0.73534
1 7 15 No 0.773148
1 7 16 No 0.805556
1 7 17 No 0.833333
1 8 1 No 0.355905
1 8 2 No 0.377785
1 8 3 No 0.401157
1 8 4 No 0.42592
1 8 5 No 0.451861
1 8 6 No 0.478705
1 8 7 No 0.509065
1 8 8 No 0.54139
1 8 9 No 0.574499
1 8 10 No 0.607507
1 8 11 No 0.639768
1 8 12 No 0.691229
1 8 13 No 0.73534
1 8 14 No 0.773148
1 8 15 No 0.805556
1 8 16 No 0.833333
1 9 1 No 0.377785
1 9 2 No 0.401157
1 9 3 No 0.42592
1 9 4 No 0.451861
1 9 5 No 0.478705
1 9 6 No 0.509065
1 9 7 No 0.54139
1 9 8 No 0.574499
1 9 9 No 0.607507
1 9 10 No 0.639768
1 9 11 No 0.691229
1 9 12 No 0.73534
1 9 13 No 0.773148
1 9 14 No 0.805556
1 9 15 No 0.833333
1 10 1 No 0.401157
1 10 2 No 0.42592
1 10 3 No 0.451861
1 10 4 No 0.478705
1 10 5 No 0.509065
1 10 6 No 0.54139
1 10 7 No 0.574499
1 10 8 No 0.607507
1 10 9 No 0.639768
1 10 10 No 0.691229
1 10 11 No 0.73534
1 10 12 No 0.773148
1 10 13 No 0.805556
1 10 14 No 0.833333
1 11 1 No 0.42592
1 11 2 No 0.451861
1 11 3 No 0.478705
1 11 4 No 0.509065
1 11 5 No 0.54139
1 11 6 No 0.574499
1 11 7 No 0.607507
1 11 8 No 0.639768
1 11 9 No 0.691229
1 11 10 No 0.73534
1 11 11 No 0.773148
1 11 12 No 0.805556
1 11 13 No 0.833333
1 12 1 No 0.451861
1 12 2 No 0.478705
1 12 3 No 0.509065
1 12 4 No 0.54139
1 12 5 No 0.574499
1 12 6 No 0.607507
1 12 7 No 0.639768
1 12 8 No 0.691229
1 12 9 No 0.73534
1 12 10 No 0.773148
1 12 11 No 0.805556
1 12 12 No 0.833333
1 13 1 No 0.478705
1 13 2 No 0.509065
1 13 3 No 0.54139
1 13 4 No 0.574499
1 13 5 No 0.607507
1 13 6 No 0.639768
1 13 7 No 0.691229
1 13 8 No 0.73534
1 13 9 No 0.773148
1 13 10 No 0.805556
1 13 11 No 0.833333
1 14 1 No 0.509065
1 14 2 No 0.54139
1 14 3 No 0.574499
1 14 4 No 0.607507
1 14 5 No 0.639768
1 14 6 No 0.691229
1 14 7 No 0.73534
1 14 8 No 0.773148
1 14 9 No 0.805556
1 14 10 No 0.833333
1 15 1 No 0.54139
1 15 2 No 0.574499
1 15 3 No 0.607507
1 15 4 No 0.639768
1 15 5 No 0.691229
1 15 6 No 0.73534
1 15 7 No 0.773148
1 15 8 No 0.805556
1 15 9 No 0.833333
1 16 1 No 0.574499
1 16 2 No 0.607507
1 16 3 No 0.639768
1 16 4 No 0.691229
1 16 5 No 0.73534
1 16 6 No 0.773148
1 16 7 No 0.805556
1 16 8 No 0.833333
1 17 1 No 0.607507
1 17 2 No 0.639768
1 17 3 No 0.691229
1 17 4 No 0.73534
1 17 5 No 0.773148
1 17 6 No 0.805556
1 17 7 No 0.833333
1 18 1 No 0.639768
1 18 2 No 0.691229
1 18 3 No 0.73534
1 18 4 No 0.773148
1 18 5 No 0.805556
1 18 6 No 0.833333
1 19 1 No 0.691229
1 19 2 No 0.73534
1 19 3 No 0.773148
1 19 4 No 0.805556
1 19 5 No 0.833333
1 20 1 No 0.73534
1 20 2 No 0.773148
1 20 3 No 0.805556
1 20 4 No 0.833333
1 21 1 No 0.773148
1 21 2 No 0.805556
1 21 3 No 0.833333
1 22 1 No 0.805556
1 22 2 No 0.833333
1 23 1 No 0.833333
