3 0 1 No 0.376913
3 0 2 No 0.385528
3 0 3 No 0.395595
3 0 4 No 0.407217
3 0 5 No 0.420917
3 0 6 No 0.437219
3 0 7 No 0.455995
3 0 8 No 0.476951
3 0 9 Yes 0.503114
3 0 10 Yes 0.535036
3 0 11 Yes 0.568647
3 0 12 Yes 0.602688
3 0 13 Yes 0.638175
3 0 14 Yes 0.674737
3 0 15 Yes 0.711284
3 0 16 Yes 0.745316
3 0 17 Yes 0.781809
3 0 18 Yes 0.8166
3 0 19 Yes 0.848302
3 0 20 Yes 0.875711
3 0 21 Yes 0.916083
3 0 22 Yes 0.941652
3 0 23 Yes 0.958691
3 0 24 Yes 0.970414
3 1 1 No 0.40171
3 1 2 No 0.410795
3 1 3 No 0.421387
3 1 4 No 0.433592
3 1 5 No 0.448084
3 1 6 No 0.465307
3 1 7 No 0.484933
3 1 8 No 0.506825
3 1 9 Yes 0.535036
3 1 10 Yes 0.568647
3 1 11 Yes 0.602688
3 1 12 Yes 0.638175
3 1 13 Yes 0.674737
3 1 14 Yes 0.711284
3 1 15 Yes 0.745316
3 1 16 Yes 0.781809
3 1 17 Yes 0.8166
3 1 18 Yes 0.848302
3 1 19 Yes 0.875711
3 1 20 Yes 0.916083
3 1 21 Yes 0.941652
3 1 22 Yes 0.958691
3 1 23 Yes 0.970414
3 2 1 No 0.427636
3 2 2 No 0.437187
3 2 3 No 0.448306
3 2 4 No 0.461096
3 2 5 No 0.47646
3 2 6 No 0.494493
3 2 7 No 0.515019
3 2 8 No 0.537836
3 2 9 Yes 0.568647
3 2 10 Yes 0.602688
3 2 11 Yes 0.638175
3 2 12 Yes 0.674737
3 2 13 Yes 0.711284
3 2 14 Yes 0.745316
3 2 15 Yes 0.781809
3 2 16 Yes 0.8166
3 2 17 Yes 0.848302
3 2 18 Yes 0.875711
3 2 19 Yes 0.916083
3 2 20 Yes 0.941652
3 2 21 Yes 0.958691
3 2 22 Yes 0.970414
3 3 1 No 0.45455
3 3 2 No 0.464564
3 3 3 No 0.47621
3 3 4 No 0.489564
3 3 5 No 0.505725
3 3 6 No 0.524646
3 3 7 No 0.546088
3 3 8 No 0.569687
3 3 9 Yes 0.602688
3 3 10 Yes 0.638175
3 3 11 Yes 0.674737
3 3 12 Yes 0.711284
3 3 13 Yes 0.745316
3 3 14 Yes 0.781809
3 3 15 Yes 0.8166
3 3 16 Yes 0.848302
3 3 17 Yes 0.875711
3 3 18 Yes 0.916083
3 3 19 Yes 0.941652
3 3 20 Yes 0.958691
3 3 21 Yes 0.970414
3 4 1 No 0.482637
3 4 2 No 0.493113
3 4 3 No 0.505263
3 4 4 No 0.519181
3 4 5 No 0.53618
3 4 6 No 0.555974
3 4 7 No 0.578161
3 4 8 Yes 0.602688
3 4 9 Yes 0.638175
3 4 10 Yes 0.674737
3 4 11 Yes 0.711284
3 4 12 Yes 0.745316
3 4 13 Yes 0.781809
3 4 14 Yes 0.8166
3 4 15 Yes 0.848302
3 4 16 Yes 0.875711
3 4 17 Yes 0.916083
3 4 18 Yes 0.941652
3 4 19 Yes 0.958691
3 4 20 Yes 0.970414
3 5 1 No 0.512039
3 5 2 No 0.522955
3 5 3 No 0.535512
3 5 4 No 0.550178
3 5 5 No 0.567972
3 5 6 No 0.588445
3 5 7 No 0.610855
3 5 8 Yes 0.638175
3 5 9 Yes 0.674737
3 5 10 Yes 0.711284
3 5 11 Yes 0.745316
3 5 12 Yes 0.781809
3 5 13 Yes 0.8166
3 5 14 Yes 0.848302
3 5 15 Yes 0.875711
3 5 16 Yes 0.916083
3 5 17 Yes 0.941652
3 5 18 Yes 0.958691
3 5 19 Yes 0.970414
3 6 1 No 0.542207
3 6 2 No 0.553475
3 6 3 No 0.566413
3 6 4 No 0.581888
3 6 5 No 0.600373
3 6 6 No 0.621079
3 6 7 No 0.64404
3 6 8 Yes 0.674737
3 6 9 Yes 0.711284
3 6 10 Yes 0.745316
3 6 11 Yes 0.781809
3 6 12 Yes 0.8166
3 6 13 Yes 0.848302
3 6 14 Yes 0.875711
3 6 15 Yes 0.916083
3 6 16 Yes 0.941652
3 6 17 Yes 0.958691
3 6 18 Yes 0.970414
3 7 1 No 0.572874
3 7 2 No 0.584465
3 7 3 No 0.597718
3 7 4 No 0.613942
3 7 5 No 0.63271
3 7 6 No 0.65401
3 7 7 No 0.677237
3 7 8 Yes 0.711284
3 7 9 Yes 0.745316
3 7 10 Yes 0.781809
3 7 11 Yes 0.8166
3 7 12 Yes 0.848302
3 7 13 Yes 0.875711
3 7 14 Yes 0.916083
3 7 15 Yes 0.941652
3 7 16 Yes 0.958691
3 7 17 Yes 0.970414
3 8 1 No 0.60412
3 8 2 No 0.615973
3 8 3 No 0.629589
3 8 4 No 0.646121
3 8 5 No 0.665505
3 8 6 No 0.68709
3 8 7 Yes 0.711284
3 8 8 Yes 0.745316
3 8 9 Yes 0.781809
3 8 10 Yes 0.8166
3 8 11 Yes 0.848302
3 8 12 Yes 0.875711
3 8 13 Yes 0.916083
3 8 14 Yes 0.941652
3 8 15 Yes 0.958691
3 8 16 Yes 0.970414
3 9 1 No 0.636158
3 9 2 No 0.648156
3 9 3 No 0.662036
3 9 4 No 0.679146
3 9 5 No 0.698783
3 9 6 No 0.720143
3 9 7 Yes 0.745316
3 9 8 Yes 0.781809
3 9 9 Yes 0.8166
3 9 10 Yes 0.848302
3 9 11 Yes 0.875711
3 9 12 Yes 0.916083
3 9 13 Yes 0.941652
3 9 14 Yes 0.958691
3 9 15 Yes 0.970414
3 10 1 No 0.669271
3 10 2 No 0.68119
3 10 3 No 0.695564
3 10 4 No 0.712855
3 10 5 No 0.732204
3 10 6 No 0.752705
3 10 7 Yes 0.781809
3 10 8 Yes 0.8166
3 10 9 Yes 0.848302
3 10 10 Yes 0.875711
3 10 11 Yes 0.916083
3 10 12 Yes 0.941652
3 10 13 Yes 0.958691
3 10 14 Yes 0.970414
3 11 1 No 0.702504
3 11 2 No 0.714467
3 11 3 No 0.729057
3 11 4 No 0.746092
3 11 5 No 0.764609
3 11 6 No 0.786248
3 11 7 Yes 0.8166
3 11 8 Yes 0.848302
3 11 9 Yes 0.875711
3 11 10 Yes 0.916083
3 11 11 Yes 0.941652
3 11 12 Yes 0.958691
3 11 13 Yes 0.970414
3 12 1 No 0.735337
3 12 2 No 0.747179
3 12 3 No 0.761625
3 12 4 No 0.777923
3 12 5 No 0.79766
3 12 6 No 0.81823
3 12 7 Yes 0.848302
3 12 8 Yes 0.875711
3 12 9 Yes 0.916083
3 12 10 Yes 0.941652
3 12 11 Yes 0.958691
3 12 12 Yes 0.970414
3 13 1 No 0.768399
3 13 2 No 0.779814
3 13 3 No 0.793513
3 13 4 No 0.811023
3 13 5 No 0.829684
3 13 6 Yes 0.848302
3 13 7 Yes 0.875711
3 13 8 Yes 0.916083
3 13 9 Yes 0.941652
3 13 10 Yes 0.958691
3 13 11 Yes 0.970414
3 14 1 No 0.801377
3 14 2 No 0.811996
3 14 3 No 0.826866
3 14 4 No 0.843264
3 14 5 No 0.859753
3 14 6 Yes 0.875711
3 14 7 Yes 0.916083
3 14 8 Yes 0.941652
3 14 9 Yes 0.958691
3 14 10 Yes 0.970414
3 15 1 No 0.833344
3 15 2 No 0.845164
3 15 3 No 0.858948
3 15 4 No 0.873197
3 15 5 No 0.887085
3 15 6 Yes 0.916083
3 15 7 Yes 0.941652
3 15 8 Yes 0.958691
3 15 9 Yes 0.970414
3 16 1 No 0.861624
3 16 2 No 0.873056
3 16 3 No 0.88529
3 16 4 No 0.89745
3 16 5 Yes 0.916083
3 16 6 Yes 0.941652
3 16 7 Yes 0.958691
3 16 8 Yes 0.970414
3 17 1 No 0.88898
3 17 2 No 0.898938
3 17 3 No 0.909149
3 17 4 No 0.922128
3 17 5 Yes 0.941652
3 17 6 Yes 0.958691
3 17 7 Yes 0.970414
3 18 1 No 0.912404
3 18 2 No 0.920691
3 18 3 No 0.932021
3 18 4 No 0.941732
3 18 5 Yes 0.958691
3 18 6 Yes 0.970414
3 19 1 No 0.932851
3 19 2 No 0.942444
3 19 3 No 0.950666
3 19 4 Yes 0.958691
3 19 5 Yes 0.970414
3 20 1 No 0.95253
3 20 2 No 0.959311
3 20 3 No 0.965124
3 20 4 Yes 0.970414
3 21 1 No 0.974112
3 21 2 No 0.97781
3 21 3 No 0.98098
3 22 1 No 0.985326
3 22 2 No 0.987422
3 23 1 No 0.991453
2 0 1 No 0.286067
2 0 2 No 0.28999
2 0 3 No 0.294582
2 0 4 No 0.29995
2 0 5 No 0.306211
2 0 6 No 0.31353
2 0 7 No 0.322131
2 0 8 No 0.332155
2 0 9 No 0.34378
2 0 10 No 0.357441
2 0 11 No 0.373741
2 0 12 No 0.3923
2 0 13 No 0.413525
2 0 14 Yes 0.439412
2 0 15 Yes 0.471541
2 0 16 Yes 0.503653
2 0 17 Yes 0.540876
2 0 18 Yes 0.579353
2 0 19 Yes 0.617113
2 0 20 Yes 0.652853
2 0 21 Yes 0.71313
2 0 22 Yes 0.759912
2 0 23 Yes 0.797523
2 0 24 Yes 0.828402
2 1 1 No 0.306089
2 1 2 No 0.310305
2 1 3 No 0.315235
2 1 4 No 0.320999
2 1 5 No 0.327723
2 1 6 No 0.335598
2 1 7 No 0.344813
2 1 8 No 0.355585
2 1 9 No 0.368066
2 1 10 No 0.382848
2 1 11 No 0.400106
2 1 12 No 0.420216
2 1 13 No 0.44295
2 1 14 Yes 0.471541
2 1 15 Yes 0.503653
2 1 16 Yes 0.540876
2 1 17 Yes 0.579353
2 1 18 Yes 0.617113
2 1 19 Yes 0.652853
2 1 20 Yes 0.71313
2 1 21 Yes 0.759912
2 1 22 Yes 0.797523
2 1 23 Yes 0.828402
2 2 1 No 0.327187
2 2 2 No 0.331704
2 2 3 No 0.33699
2 2 4 No 0.343175
2 2 5 No 0.350381
2 2 6 No 0.358804
2 2 7 No 0.368708
2 2 8 No 0.380283
2 2 9 No 0.39362
2 2 10 No 0.409339
2 2 11 No 0.42813
2 2 12 No 0.449733
2 2 13 No 0.473645
2 2 14 Yes 0.503653
2 2 15 Yes 0.540876
2 2 16 Yes 0.579353
2 2 17 Yes 0.617113
2 2 18 Yes 0.652853
2 2 19 Yes 0.71313
2 2 20 Yes 0.759912
2 2 21 Yes 0.797523
2 2 22 Yes 0.828402
2 3 1 No 0.349406
2 3 2 No 0.354252
2 3 3 No 0.359929
2 3 4 No 0.366563
2 3 5 No 0.374268
2 3 6 No 0.383329
2 3 7 No 0.393987
2 3 8 No 0.406371
2 3 9 No 0.420499
2 3 10 No 0.437696
2 3 11 No 0.457932
2 3 12 No 0.480672
2 3 13 No 0.50527
2 3 14 Yes 0.540876
2 3 15 Yes 0.579353
2 3 16 Yes 0.617113
2 3 17 Yes 0.652853
2 3 18 Yes 0.71313
2 3 19 Yes 0.759912
2 3 20 Yes 0.797523
2 3 21 Yes 0.828402
2 4 1 No 0.372837
2 4 2 No 0.378035
2 4 3 No 0.384118
2 4 4 No 0.391207
2 4 5 No 0.399474
2 4 6 No 0.409218
2 4 7 No 0.42062
2 4 8 No 0.433737
2 4 9 No 0.449075
2 4 10 No 0.467687
2 4 11 No 0.489033
2 4 12 No 0.512436
2 4 13 No 0.541107
2 4 14 Yes 0.579353
2 4 15 Yes 0.617113
2 4 16 Yes 0.652853
2 4 17 Yes 0.71313
2 4 18 Yes 0.759912
2 4 19 Yes 0.797523
2 4 20 Yes 0.828402
2 5 1 No 0.39769
2 5 2 No 0.403264
2 5 3 No 0.409767
2 5 4 No 0.417379
2 5 5 No 0.426277
2 5 6 No 0.436709
2 5 7 No 0.448784
2 5 8 No 0.463051
2 5 9 No 0.479665
2 5 10 No 0.499301
2 5 11 No 0.521237
2 5 12 No 0.54865
2 5 13 Yes 0.579353
2 5 14 Yes 0.617113
2 5 15 Yes 0.652853
2 5 16 Yes 0.71313
2 5 17 Yes 0.759912
2 5 18 Yes 0.797523
2 5 19 Yes 0.828402
2 6 1 No 0.423718
2 6 2 No 0.429684
2 6 3 No 0.43668
2 6 4 No 0.444879
2 6 5 No 0.454419
2 6 6 No 0.465477
2 6 7 No 0.478655
2 6 8 No 0.494077
2 6 9 No 0.511654
2 6 10 No 0.531825
2 6 11 No 0.557726
2 6 12 No 0.586609
2 6 13 Yes 0.617113
2 6 14 Yes 0.652853
2 6 15 Yes 0.71313
2 6 16 Yes 0.759912
2 6 17 Yes 0.797523
2 6 18 Yes 0.828402
2 7 1 No 0.45103
2 7 2 No 0.457482
2 7 3 No 0.465055
2 7 4 No 0.473885
2 7 5 No 0.484051
2 7 6 No 0.496194
2 7 7 No 0.510498
2 7 8 No 0.526864
2 7 9 No 0.545043
2 7 10 No 0.569055
2 7 11 No 0.59632
2 7 12 No 0.625064
2 7 13 No 0.654112
2 7 14 Yes 0.71313
2 7 15 Yes 0.759912
2 7 16 Yes 0.797523
2 7 17 Yes 0.828402
2 8 1 No 0.479615
2 8 2 No 0.486615
2 8 3 No 0.494785
2 8 4 No 0.504213
2 8 5 No 0.515403
2 8 6 No 0.528615
2 8 7 No 0.543809
2 8 8 No 0.56078
2 8 9 No 0.582544
2 8 10 No 0.607882
2 8 11 No 0.634974
2 8 12 No 0.662607
2 8 13 Yes 0.71313
2 8 14 Yes 0.759912
2 8 15 Yes 0.797523
2 8 16 Yes 0.828402
2 9 1 No 0.509576
2 9 2 No 0.517119
2 9 3 No 0.525833
2 9 4 No 0.536183
2 9 5 No 0.548353
2 9 6 No 0.562379
2 9 7 No 0.578113
2 9 8 No 0.598283
2 9 9 No 0.621373
2 9 10 No 0.646537
2 9 11 No 0.672518
2 9 12 No 0.719301
2 9 13 Yes 0.759912
2 9 14 Yes 0.797523
2 9 15 Yes 0.828402
2 10 1 No 0.542093
2 10 2 No 0.550238
2 10 3 No 0.559928
2 10 4 No 0.571336
2 10 5 No 0.584444
2 10 6 No 0.599109
2 10 7 No 0.618064
2 10 8 No 0.639785
2 10 9 No 0.663095
2 10 10 No 0.687096
2 10 11 No 0.731796
2 10 12 No 0.770111
2 10 13 No 0.802952
2 10 14 No 0.831102
2 11 1 No 0.576319
2 11 2 No 0.585447
2 11 3 No 0.596194
2 11 4 No 0.608542
2 11 5 No 0.622356
2 11 6 No 0.640212
2 11 7 No 0.660674
2 11 8 No 0.682632
2 11 9 No 0.705241
2 11 10 No 0.747349
2 11 11 No 0.783442
2 11 12 No 0.814379
2 11 13 No 0.840896
2 12 1 No 0.611247
2 12 2 No 0.621325
2 12 3 No 0.632905
2 12 4 No 0.645859
2 12 5 No 0.662604
2 12 6 No 0.681792
2 12 7 No 0.702383
2 12 8 No 0.723585
2 12 9 No 0.763073
2 12 10 No 0.79692
2 12 11 No 0.825931
2 12 12 No 0.850798
2 13 1 No 0.647555
2 13 2 No 0.658332
2 13 3 No 0.670389
2 13 4 No 0.685974
2 13 5 No 0.703833
2 13 6 No 0.722998
2 13 7 No 0.742732
2 13 8 No 0.779484
2 13 9 No 0.810987
2 13 10 No 0.837989
2 13 11 No 0.861133
2 14 1 No 0.684683
2 14 2 No 0.695811
2 14 3 No 0.710194
2 14 4 No 0.726675
2 14 5 No 0.744362
2 14 6 No 0.762574
2 14 7 No 0.796492
2 14 8 No 0.825564
2 14 9 No 0.850484
2 14 10 No 0.871843
2 15 1 No 0.721473
2 15 2 No 0.734642
2 15 3 No 0.749733
2 15 4 No 0.765928
2 15 5 No 0.782603
2 15 6 No 0.81366
2 15 7 No 0.84028
2 15 8 No 0.863097
2 15 9 No 0.882655
2 16 1 No 0.757358
2 16 2 No 0.771157
2 16 3 No 0.785966
2 16 4 No 0.801213
2 16 5 No 0.829612
2 16 6 No 0.853953
2 16 7 No 0.874817
2 16 8 No 0.8927
2 17 1 No 0.794218
2 17 2 No 0.807534
2 17 3 No 0.821245
2 17 4 No 0.846782
2 17 5 No 0.86867
2 17 6 No 0.887432
2 17 7 No 0.903513
2 18 1 No 0.828468
2 18 2 No 0.840688
2 18 3 No 0.863446
2 18 4 No 0.882954
2 18 5 No 0.899675
2 18 6 No 0.914007
2 19 1 No 0.859109
2 19 2 No 0.879236
2 19 3 No 0.896488
2 19 4 No 0.911276
2 19 5 No 0.923951
2 20 1 No 0.893466
2 20 2 No 0.908685
2 20 3 No 0.92173
2 20 4 No 0.932912
2 21 1 No 0.928071
2 21 2 No 0.938347
2 21 3 No 0.947155
2 22 1 No 0.949987
2 22 2 No 0.957132
2 23 1 No 0.964592
1 0 1 No 0.158666
1 0 2 No 0.161596
1 0 3 No 0.165023
1 0 4 No 0.169026
1 0 5 No 0.173706
1 0 6 No 0.179182
1 0 7 No 0.185584
1 0 8 No 0.193044
1 0 9 No 0.201783
1 0 10 No 0.212037
1 0 11 No 0.223998
1 0 12 No 0.237802
1 0 13 No 0.254222
1 0 14 No 0.273555
1 0 15 No 0.29577
1 0 16 No 0.320621
1 0 17 No 0.352744
1 0 18 No 0.389554
1 0 19 No 0.429056
1 0 20 No 0.46973
1 0 21 No 0.545483
1 0 22 No 0.610414
1 0 23 No 0.666069
1 0 24 No 0.713774
1 1 1 No 0.171253
1 1 2 No 0.17464
1 1 3 No 0.178597
1 1 4 No 0.183223
1 1 5 No 0.188635
1 1 6 No 0.194964
1 1 7 No 0.202338
1 1 8 No 0.210977
1 1 9 No 0.221112
1 1 10 No 0.232936
1 1 11 No 0.24658
1 1 12 No 0.262812
1 1 13 No 0.281922
1 1 14 No 0.303881
1 1 15 No 0.328446
1 1 16 No 0.360199
1 1 17 No 0.396585
1 1 18 No 0.435632
1 1 19 No 0.475838
1 1 20 No 0.550718
1 1 21 No 0.614901
1 1 22 No 0.669915
1 1 23 No 0.71707
1 2 1 No 0.184775
1 2 2 No 0.188684
1 2 3 No 0.193253
1 2 4 No 0.198599
1 2 5 No 0.20485
1 2 6 No 0.212133
1 2 7 No 0.220666
1 2 8 No 0.230677
1 2 9 No 0.242355
1 2 10 No 0.255832
1 2 11 No 0.271864
1 2 12 No 0.29074
1 2 13 No 0.312429
1 2 14 No 0.336693
1 2 15 No 0.368056
1 2 16 No 0.403995
1 2 17 No 0.442563
1 2 18 No 0.482274
1 2 19 No 0.556235
1 2 20 No 0.61963
1 2 21 No 0.673969
1 2 22 No 0.720545
1 3 1 No 0.199304
1 3 2 No 0.203813
1 3 3 No 0.20909
1 3 4 No 0.215259
1 3 5 No 0.222447
1 3 6 No 0.230868
1 3 7 No 0.240747
1 3 8 No 0.252274
1 3 9 No 0.265574
1 3 10 No 0.281396
1 3 11 No 0.300025
1 3 12 No 0.32143
1 3 13 No 0.345376
1 3 14 No 0.376328
1 3 15 No 0.411797
1 3 16 No 0.44986
1 3 17 No 0.489052
1 3 18 No 0.562044
1 3 19 No 0.624609
1 3 20 No 0.678237
1 3 21 No 0.724203
1 4 1 No 0.214952
1 4 2 No 0.220155
1 4 3 No 0.226238
1 4 4 No 0.233325
1 4 5 No 0.241628
1 4 6 No 0.25137
1 4 7 No 0.262734
1 4 8 No 0.275849
1 4 9 No 0.291449
1 4 10 No 0.309817
1 4 11 No 0.330923
1 4 12 No 0.354534
1 4 13 No 0.385054
1 4 14 No 0.420026
1 4 15 No 0.457556
1 4 16 No 0.4962
1 4 17 No 0.568171
1 4 18 No 0.629861
1 4 19 No 0.682738
1 4 20 No 0.728061
1 5 1 No 0.231881
1 5 2 No 0.237872
1 5 3 No 0.244853
1 5 4 No 0.253031
1 5 5 No 0.262626
1 5 6 No 0.27382
1 5 7 No 0.286737
1 5 8 No 0.302103
1 5 9 No 0.320195
1 5 10 No 0.340984
1 5 11 No 0.364239
1 5 12 No 0.3943
1 5 13 No 0.428747
1 5 14 No 0.465713
1 5 15 No 0.503775
1 5 16 No 0.574665
1 5 17 No 0.635427
1 5 18 No 0.687509
1 5 19 No 0.73215
1 6 1 No 0.25005
1 6 2 No 0.256919
1 6 3 No 0.264967
1 6 4 No 0.274409
1 6 5 No 0.285424
1 6 6 No 0.298135
1 6 7 No 0.313255
1 6 8 No 0.331058
1 6 9 No 0.351514
1 6 10 No 0.374398
1 6 11 No 0.403979
1 6 12 No 0.437875
1 6 13 No 0.47425
1 6 14 No 0.511705
1 6 15 No 0.581461
1 6 16 No 0.641252
1 6 17 No 0.692502
1 6 18 No 0.73643
1 7 1 No 0.269572
1 7 2 No 0.277483
1 7 3 No 0.286763
1 7 4 No 0.297591
1 7 5 No 0.310085
1 7 6 No 0.324948
1 7 7 No 0.342448
1 7 8 No 0.362556
1 7 9 No 0.38505
1 7 10 No 0.414127
1 7 11 No 0.447446
1 7 12 No 0.483202
1 7 13 No 0.520019
1 7 14 No 0.588587
1 7 15 No 0.647361
1 7 16 No 0.697738
1 7 17 No 0.740918
1 8 1 No 0.290559
1 8 2 No 0.299671
1 8 3 No 0.310303
1 8 4 No 0.322571
1 8 5 No 0.337165
1 8 6 No 0.354348
1 8 7 No 0.374092
1 8 8 No 0.39618
1 8 9 No 0.42473
1 8 10 No 0.457446
1 8 11 No 0.492555
1 8 12 No 0.528705
1 8 13 No 0.596033
1 8 14 No 0.653743
1 8 15 No 0.703208
1 8 16 No 0.745607
1 9 1 No 0.313191
1 9 2 No 0.323617
1 9 3 No 0.335648
1 9 4 No 0.349961
1 9 5 No 0.366812
1 9 6 No 0.386175
1 9 7 No 0.407836
1 9 8 No 0.435835
1 9 9 No 0.46792
1 9 10 No 0.502351
1 9 11 No 0.537803
1 9 12 No 0.603831
1 9 13 No 0.660427
1 9 14 No 0.708937
1 9 15 No 0.750518
1 10 1 No 0.338041
1 10 2 No 0.349816
1 10 3 No 0.363823
1 10 4 No 0.380315
1 10 5 No 0.399265
1 10 6 No 0.420464
1 10 7 No 0.447866
1 10 8 No 0.479266
1 10 9 No 0.512963
1 10 10 No 0.54766
1 10 11 No 0.61228
1 10 12 No 0.667668
1 10 13 No 0.715144
1 10 14 No 0.755838
1 11 1 No 0.364734
1 11 2 No 0.37842
1 11 3 No 0.394534
1 11 4 No 0.413049
1 11 5 No 0.433761
1 11 6 No 0.460535
1 11 7 No 0.491215
1 11 8 No 0.524138
1 11 9 No 0.558039
1 11 10 No 0.621176
1 11 11 No 0.675294
1 11 12 No 0.72168
1 11 13 No 0.76144
1 12 1 No 0.393203
1 12 2 No 0.408934
1 12 3 No 0.427008
1 12 4 No 0.447229
1 12 5 No 0.473365
1 12 6 No 0.503315
1 12 7 No 0.535456
1 12 8 No 0.56855
1 12 9 No 0.630186
1 12 10 No 0.683016
1 12 11 No 0.7283
1 12 12 No 0.767114
1 13 1 No 0.423946
1 13 2 No 0.441561
1 13 3 No 0.461268
1 13 4 No 0.486741
1 13 5 No 0.51593
1 13 6 No 0.547255
1 13 7 No 0.579508
1 13 8 No 0.639578
1 13 9 No 0.691067
1 13 10 No 0.7352
1 13 11 No 0.773029
1 14 1 No 0.456554
1 14 2 No 0.475732
1 14 3 No 0.500521
1 14 4 No 0.528927
1 14 5 No 0.55941
1 14 6 No 0.590798
1 14 7 No 0.649255
1 14 8 No 0.699361
1 14 9 No 0.74231
1 14 10 No 0.779123
1 15 1 No 0.49019
1 15 2 No 0.514295
1 15 3 No 0.541918
1 15 4 No 0.57156
1 15 5 No 0.602082
1 15 6 No 0.658928
1 15 7 No 0.707652
1 15 8 No 0.749416
1 15 9 No 0.785214
1 16 1 No 0.527122
1 16 2 No 0.554015
1 16 3 No 0.582874
1 16 4 No 0.61259
1 16 5 No 0.667935
1 16 6 No 0.715373
1 16 7 No 0.756034
1 16 8 No 0.790886
1 17 1 No 0.566987
1 17 2 No 0.595007
1 17 3 No 0.623859
1 17 4 No 0.677593
1 17 5 No 0.723651
1 17 6 No 0.76313
1 17 7 No 0.796968
1 18 1 No 0.606573
1 18 2 No 0.634601
1 18 3 No 0.686801
1 18 4 No 0.731543
1 18 5 No 0.769894
1 18 6 No 0.802767
1 19 1 No 0.64439
1 19 2 No 0.695191
1 19 3 No 0.738735
1 19 4 No 0.776059
1 19 5 No 0.80805
1 20 1 No 0.702445
1 20 2 No 0.744953
1 20 3 No 0.781388
1 20 4 No 0.812618
1 21 1 No 0.754111
1 21 2 No 0.789238
1 21 3 No 0.819347
1 22 1 No 0.79421
1 22 2 No 0.823609
1 23 1 No 0.826448
